% host queue cores
9 4 5756
0 1 12
0 1 12
0 1 12
0 1 12
0 1 12
1 2 64
1 2 64
1 2 64
1 2 64
1 2 64
1 2 64
1 2 64
1 2 64
1 2 64
1 2 64
1 2 64
1 2 64
1 2 64
1 2 64
1 2 64
1 2 64
1 2 64
1 2 64
1 2 64
1 2 64
1 2 64
1 2 64
1 2 64
1 2 64
2 1 32
2 1 32
2 1 32
2 1 32
2 1 32
2 1 32
2 1 32
2 1 32
2 1 18
2 2 32
2 2 32
2 2 32
2 2 32
2 2 14
3 1 32
3 1 32
3 1 32
3 1 32
3 1 32
3 1 32
3 1 32
3 1 32
3 1 32
3 1 32
3 1 32
3 1 32
3 1 32
3 1 32
3 1 32
3 1 32
4 2 64
4 2 64
4 2 64
4 2 64
4 2 64
4 2 64
4 2 64
4 2 64
4 2 64
4 2 64
4 2 64
4 2 64
4 2 64
4 2 42
4 3 64
4 3 64
4 3 64
4 3 64
4 3 64
4 3 64
4 3 64
4 3 64
4 3 64
4 3 64
4 3 64
4 3 64
4 3 22
5 0 64
5 0 64
5 0 64
5 0 64
5 0 64
5 0 64
6 1 16
6 1 16
6 1 16
6 1 16
6 1 16
6 1 16
6 1 16
6 1 16
7 1 32
7 1 32
7 1 32
7 1 32
7 1 32
7 1 32
7 1 32
8 0 32
8 0 32
8 0 32
8 0 32
8 0 32
8 0 32
8 0 32
8 0 32
8 0 32
8 0 32
8 0 32
8 0 22
8 1 32
8 1 32
8 1 32
8 1 32
8 1 32
8 1 32
8 1 32
8 1 32
8 1 32
8 1 32
8 1 32
8 1 32
8 1 32
8 1 32
8 1 10
